# ch03_05: 1年後の確実な100万円の現在価値

PV <- 100 / (1 + R)

##  [1] 90.90909 90.09009 89.28571 88.49558 87.71930 86.95652 86.20690 85.47009 84.74576 84.03361 83.33333