# ch03_02: 2次元の無リスク金利ベクトルを作成

R <- c(0.1, 0.2)

## [1] 0.1 0.2