# ch03_14: 割引率を0.1とする場合のプロジェクトXのNPVの計算

R <- 0.1
NPV <- -100 + 50 / (1 + R) + 50 / (1 + R)^2 + 50 / (1 + R)^3

## [1] 24.3426