# ch03_13: データフレームの作成

ID <- c(1001, 1002, 1003)
name <- c("Firm A", "Firm B", "Firm C")
ROE <- c(0.08, 0.12, 0.15)
x <- data.frame(ID, name, ROE)

##     ID   name  ROE
## 1 1001 Firm A 0.08
## 2 1002 Firm B 0.12
## 3 1003 Firm C 0.15