# ch03_12: リストの作成

x <- list(10:11, "ABC")

x[[1]]
## [1] 10 11

x[[2]]
## [1] "ABC"